,total_count,food,food_avg_spending,shopping,car,health,pet,education,life_service,entertainment,beauty,film_performance,sports,tourism,population_density,GaussianMixture_result,Kmeans_result
0,0.9999999999999999,1.0,0.11177647802252817,0.7913223140495868,0.6819407008086253,0.8668341708542714,0.6497975708502024,1.0,0.9322493224932249,0.878839590443686,0.9744463373083475,0.1485148514851485,0.9523809523809524,1.0,0.07948713186917934,8,5
1,0.8510432766615147,0.8583743842364532,0.25921569824780977,0.6942148760330579,0.5741239892183289,0.39949748743718594,0.7874493927125507,0.813953488372093,0.8672086720867209,0.7610921501706485,0.7342419080068143,0.7277227722772277,0.9931972789115646,0.055793991416309016,0.1791692344180809,3,5
2,0.8075734157650696,0.8448275862068966,0.14289792065081353,0.5578512396694215,0.6819407008086253,0.5577889447236181,0.8441295546558705,0.875968992248062,0.7208672086720868,0.71160409556314,0.788756388415673,0.14356435643564355,0.8435374149659864,0.5278969957081545,0.20696662767801485,8,5
3,0.8008114374034003,0.027093596059113302,0.1313004892365457,0.7128099173553719,0.7142857142857143,0.5653266331658292,1.0,0.9224806201550387,1.0,0.7866894197952219,0.8398637137989778,0.3316831683168317,0.9523809523809524,0.9098712446351931,0.2419507200461872,3,5
4,0.7896058732612056,0.4433497536945813,0.278125434543179,0.7809917355371901,0.5283018867924528,0.5301507537688442,0.44534412955465585,0.8236434108527132,0.8130081300813008,0.8907849829351536,0.8211243611584327,0.5,0.9410430839002267,0.351931330472103,0.2970394598172675,3,1
5,0.7841962905718701,0.5049261083743842,0.2417076222778473,0.8450413223140496,0.45822102425876016,0.5175879396984925,0.32186234817813764,0.8372093023255813,0.8102981029810298,0.9129692832764505,0.8023850085178875,0.4207920792079208,1.0,0.6137339055793991,0.3741410121578796,3,1
6,0.7575347758887171,0.5689655172413793,0.1396767604505632,0.3822314049586777,0.5040431266846361,0.7788944723618091,0.6376518218623481,0.7751937984496124,0.6991869918699187,0.7440273037542662,0.8722316865417377,0.13366336633663367,0.9614512471655329,0.44635193133047213,0.16658844082421428,8,5
7,0.7098145285935085,0.0,0.0,1.0,1.0,1.0,0.3724696356275304,0.8178294573643411,0.0,1.0,1.0,0.1188118811881188,0.4829931972789116,0.4892703862660944,0.08162394730513611,9,6
8,0.6879829984544049,0.02586206896551724,0.19499374217772217,0.45041322314049587,0.5202156334231807,0.5552763819095478,0.2793522267206478,0.7248062015503876,0.8292682926829268,0.8720136518771331,0.75809199318569,1.0,0.6235827664399093,0.8240343347639485,0.4594545759979933,3,7
9,0.6794822256568779,0.0049261083743842365,0.15143929912390489,0.5764462809917356,0.5741239892183289,0.4849246231155779,0.5748987854251012,0.8856589147286822,0.7425474254742548,0.8754266211604096,0.8722316865417377,0.25742574257425743,0.9047619047619048,0.37339055793991416,0.48118315326373096,1,1
10,0.6659582689335394,0.39901477832512317,0.12231516102628286,0.621900826446281,0.4070080862533693,0.5552763819095478,0.3623481781376518,0.8158914728682171,0.6612466124661247,0.8515358361774744,0.7904599659284498,0.11386138613861387,0.8412698412698413,0.3605150214592275,0.4433413291396894,1,1
11,0.6595826893353941,0.41502463054187194,0.2696211510638298,0.6425619834710744,0.39892183288409705,0.5125628140703518,0.22874493927125505,0.687984496124031,0.8482384823848238,0.7832764505119454,0.7427597955706985,0.2376237623762376,0.8004535147392291,0.4206008583690987,0.5724011989749351,1,1
12,0.5931221020092735,0.0,0.0,0.2727272727272727,0.7439353099730459,0.6080402010050251,0.2894736842105263,0.6937984496124031,0.7560975609756098,0.8276450511945392,0.82793867120954,0.14356435643564355,0.5102040816326531,0.7124463519313304,0.061051179140225204,5,6
13,0.5666537867078825,0.007389162561576354,0.1885690446808511,0.6528925619834711,0.45822102425876016,0.3768844221105528,0.2368421052631579,0.6337209302325582,0.7723577235772358,0.8481228668941979,0.8364565587734242,0.22772277227722773,0.5215419501133787,0.40772532188841204,0.7982804325172955,1,1
14,0.517387944358578,0.0,0.0,0.8553719008264463,0.7223719676549866,0.37185929648241206,0.17408906882591094,0.7248062015503876,0.2764227642276423,0.7696245733788396,0.817717206132879,0.07425742574257425,0.22222222222222224,0.3948497854077253,0.022563191018334677,9,6
15,0.2749227202472952,0.24630541871921183,0.12832916145181478,0.43388429752066116,0.39622641509433965,0.20100502512562815,0.020242914979757085,0.22093023255813954,0.3035230352303523,0.17918088737201365,0.2572402044293015,0.07920792079207921,0.20634920634920637,0.09012875536480687,0.33403833628707574,7,8
16,0.24381761978361668,0.16009852216748768,0.2201983247809762,0.2913223140495868,0.339622641509434,0.1708542713567839,0.020242914979757085,0.1996124031007752,0.3956639566395664,0.11604095563139932,0.1686541737649063,0.10396039603960396,0.23582766439909297,0.15450643776824036,0.38026035708258826,7,8
17,0.22314528593508498,0.2955665024630542,0.09626095118898623,0.16942148760330578,0.3611859838274933,0.23869346733668342,0.08299595141700405,0.25775193798449614,0.3062330623306233,0.06996587030716724,0.09369676320272573,0.034653465346534656,0.14512471655328799,0.14163090128755365,0.19576751617606766,7,8
18,0.18431221020092733,0.06896551724137931,0.11599320579474344,0.2975206611570248,0.38544474393531,0.3341708542713568,0.14777327935222673,0.13953488372093023,0.28184281842818426,0.06996587030716724,0.10221465076660988,0.019801980198019802,0.14739229024943312,0.09871244635193133,0.37548388288479634,7,8
19,0.17523183925811436,0.02832512315270936,0.34156826470588236,0.12809917355371903,0.2641509433962264,0.11809045226130653,0.004048582995951417,0.09108527131782945,0.2899728997289973,0.06655290102389079,0.06643952299829642,0.06930693069306931,0.061224489795918366,0.351931330472103,0.4926709342756663,7,8
20,0.17175425038639874,0.01600985221674877,0.13680562240300376,0.1590909090909091,0.30188679245283023,0.14824120603015076,0.04453441295546559,0.11046511627906977,0.3008130081300813,0.15870307167235495,0.14821124361158433,0.07425742574257425,0.18140589569160998,0.2832618025751073,0.5314386882709958,7,8
21,0.16789026275115917,0.21182266009852216,0.12377390342928661,0.1756198347107438,0.2991913746630728,0.11055276381909548,0.0708502024291498,0.11627906976744186,0.23848238482384823,0.07849829351535836,0.04940374787052811,0.0297029702970297,0.1360544217687075,0.1072961373390558,0.1005470375589158,0,2
22,0.1667310664605873,0.1022167487684729,0.1470362048811014,0.32644628099173556,0.21024258760107817,0.11809045226130653,0.012145748987854251,0.14728682170542634,0.2140921409214092,0.06825938566552901,0.16524701873935263,0.024752475247524754,0.06349206349206349,0.08583690987124463,0.5882355282224128,7,8
23,0.16441267387944358,0.1748768472906404,0.10087609511889861,0.18388429752066116,0.20485175202156336,0.11809045226130653,0.0728744939271255,0.14922480620155038,0.23848238482384823,0.1143344709897611,0.14480408858603067,0.01485148514851485,0.12018140589569161,0.09012875536480687,0.13447768708815075,0,2
24,0.1570710973724884,0.011083743842364532,0.06688916700876095,0.2231404958677686,0.2560646900269542,0.1407035175879397,0.0951417004048583,0.1937984496124031,0.16260162601626016,0.12457337883959045,0.09540034071550256,0.054455445544554455,0.14058956916099774,0.17167381974248927,0.23694023021258406,7,8
25,0.15359350850077277,0.12807881773399016,0.23309184555694618,0.3078512396694215,0.18328840970350405,0.10050251256281408,0.010121457489878543,0.06395348837209303,0.2005420054200542,0.07167235494880546,0.11584327086882454,0.0594059405940594,0.09297052154195011,0.15450643776824036,0.37401661619920434,7,8
26,0.15204791344667695,0.0,0.0,0.030991735537190084,0.22371967654986524,0.10552763819095477,0.032388663967611336,0.15891472868217055,0.2981029810298103,0.08873720136518772,0.09880749574105623,0.019801980198019802,0.0816326530612245,0.11587982832618025,0.054687474681281066,0,2
27,0.15108191653786707,0.2536945812807882,0.12594626783479348,0.16322314049586778,0.14824797843665768,0.09798994974874373,0.03441295546558704,0.10852713178294573,0.1951219512195122,0.06313993174061433,0.1141396933560477,0.054455445544554455,0.08390022675736962,0.11158798283261803,0.06995229286731208,0,2
28,0.14644513137557957,0.14532019704433496,0.1228442332540676,0.07644628099173553,0.339622641509434,0.16331658291457288,0.02631578947368421,0.10271317829457365,0.17615176151761516,0.08191126279863481,0.03577512776831346,0.024752475247524754,0.10657596371882086,0.15879828326180256,0.04330758638951373,0,2
29,0.14644513137557957,0.29064039408866993,0.3980929551939925,0.2024793388429752,0.1266846361185984,0.10552763819095477,0.016194331983805668,0.040697674418604654,0.2764227642276423,0.06655290102389079,0.09710391822827939,0.10396039603960396,0.018140589569160998,0.047210300429184546,0.27089503612838783,7,8
30,0.1418083462132921,0.011083743842364532,0.2992629675844806,0.1652892561983471,0.23989218328840972,0.15326633165829145,0.048582995951417005,0.10465116279069767,0.2005420054200542,0.1143344709897611,0.12947189097103917,0.04455445544554455,0.19954648526077098,0.07725321888412018,0.250540813248862,7,8
31,0.13581916537867078,0.09605911330049262,0.09736529635794744,0.1384297520661157,0.1752021563342318,0.32914572864321606,0.05465587044534413,0.09302325581395349,0.15989159891598917,0.04607508532423208,0.054514480408858604,0.034653465346534656,0.06349206349206349,0.09871244635193133,0.09547737384629597,0,2
32,0.1327279752704791,0.0665024630541872,0.14450934042553193,0.08264462809917356,0.30458221024258764,0.25125628140703515,0.02834008097165992,0.050387596899224806,0.14363143631436315,0.059726962457337884,0.03577512776831346,0.019801980198019802,0.10657596371882086,0.055793991416309016,0.3327221545222164,7,8
33,0.13137557959814528,0.06773399014778325,0.3514165434292866,0.07851239669421488,0.2722371967654987,0.20100502512562815,0.016194331983805668,0.12403100775193798,0.22493224932249323,0.08873720136518772,0.08347529812606473,0.04455445544554455,0.11564625850340136,0.07725321888412018,0.2442864064429727,2,8
34,0.12886398763523957,0.05541871921182266,0.158503685106383,0.05165289256198347,0.16172506738544476,0.11055276381909548,0.020242914979757085,0.1686046511627907,0.16531165311653118,0.09215017064846416,0.11584327086882454,0.0297029702970297,0.11564625850340136,0.09442060085836909,0.6182668288309234,2,0
35,0.125,0.006157635467980296,0.34668335419274093,0.23760330578512398,0.21024258760107817,0.1708542713567839,0.006072874493927126,0.13953488372093023,0.27371273712737126,0.06825938566552901,0.06984667802385008,0.0297029702970297,0.06349206349206349,0.2532188841201717,0.6352896684956403,7,8
36,0.12480680061823803,0.0049261083743842365,0.13110137672090114,0.243801652892562,0.14824797843665768,0.09798994974874373,0.022267206477732795,0.11627906976744186,0.19241192411924118,0.06655290102389079,0.059625212947189095,0.034653465346534656,0.11111111111111112,0.11587982832618025,0.33645511117781474,7,8
37,0.1188176197836167,0.0,0.0,0.15289256198347106,0.2587601078167116,0.24371859296482412,0.04251012145748988,0.17829457364341084,0.14092140921409213,0.11262798634812286,0.12436115843270869,0.019801980198019802,0.024943310657596373,0.07296137339055794,0.026564741820769622,0,2
38,0.11707882534775889,0.08990147783251232,0.2625370754693367,0.1012396694214876,0.16172506738544476,0.13316582914572864,0.006072874493927126,0.04844961240310078,0.14905149051490515,0.03924914675767918,0.09710391822827939,0.09900990099009901,0.05668934240362812,0.14163090128755365,0.30805854527324344,7,8
39,0.11495363214837713,0.007389162561576354,0.15269086357947434,0.23140495867768596,0.2803234501347709,0.09045226130653267,0.02631578947368421,0.15503875968992248,0.1897018970189702,0.08361774744027303,0.0868824531516184,0.0049504950495049506,0.07936507936507936,0.060085836909871244,0.7017344843691962,2,0
40,0.11051004636785162,0.04802955665024631,0.15256249799749688,0.06818181818181818,0.353099730458221,0.20603015075376885,0.03441295546558704,0.1569767441860465,0.11924119241192412,0.04948805460750853,0.040885860306643956,0.0297029702970297,0.09070294784580499,0.11158798283261803,0.32247484281267624,7,8
41,0.10935085007727975,0.07512315270935961,0.23469911163954946,0.16735537190082644,0.14285714285714288,0.11306532663316583,0.004048582995951417,0.08527131782945736,0.13279132791327913,0.11604095563139932,0.08347529812606473,0.07425742574257425,0.12471655328798187,0.02575107296137339,0.6433046430060065,2,0
42,0.10915765069551778,0.0,0.0,0.19008264462809918,0.18598382749326148,0.09045226130653267,0.020242914979757085,0.17635658914728683,0.17344173441734417,0.09897610921501707,0.12265758091993186,0.009900990099009901,0.04081632653061225,0.060085836909871244,0.037161235788383505,0,2
43,0.10838485316846987,0.0,0.0,0.008264462809917356,0.10512129380053908,0.11306532663316583,0.008097165991902834,0.04844961240310078,0.13008130081300812,0.06143344709897611,0.020442930153321978,0.0297029702970297,0.05215419501133787,0.38626609442060084,0.011502631479108617,0,2
44,0.10568006182380217,0.1477832512315271,0.1261994158948686,0.13636363636363635,0.07277628032345014,0.14321608040201006,0.04251012145748988,0.0872093023255814,0.14905149051490515,0.06825938566552901,0.044293015332197615,0.039603960396039604,0.07482993197278912,0.09871244635193133,0.3381519661523581,7,8
45,0.10432766615146832,0.2019704433497537,0.09176104276595745,0.18801652892561985,0.1078167115902965,0.10050251256281408,0.02631578947368421,0.04263565891472868,0.15718157181571815,0.03583617747440273,0.04258943781942078,0.019801980198019802,0.04081632653061225,0.09871244635193133,0.33229621267079407,7,8
46,0.10027047913446677,0.038177339901477834,0.21740885782227787,0.08884297520661158,0.15363881401617252,0.11055276381909548,0.006072874493927126,0.06201550387596899,0.1111111111111111,0.04607508532423208,0.07666098807495741,0.07425742574257425,0.02947845804988662,0.2317596566523605,0.42285705192067025,7,8
47,0.09988408037094282,0.04802955665024631,0.28144154555694617,0.06611570247933884,0.20485175202156336,0.19597989949748745,0.018218623481781375,0.05232558139534883,0.14634146341463414,0.04948805460750853,0.054514480408858604,0.024752475247524754,0.07482993197278912,0.09442060085836909,0.5534024714151146,2,8
48,0.09911128284389491,0.034482758620689655,0.20391560876095122,0.04338842975206612,0.30727762803234504,0.19597989949748745,0.02834008097165992,0.1065891472868217,0.18699186991869918,0.034129692832764506,0.03236797274275979,0.019801980198019802,0.09977324263038549,0.09012875536480687,0.20516138861799063,0,2
49,0.09872488408037094,0.12315270935960591,0.09599499374217772,0.06818181818181818,0.12398921832884098,0.05778894472361809,0.03441295546558704,0.05813953488372093,0.14363143631436315,0.08361774744027303,0.054514480408858604,0.0049504950495049506,0.14739229024943312,0.047210300429184546,0.3230736679101293,7,3
50,0.09775888717156106,0.08497536945812809,0.2704286155193993,0.13016528925619836,0.1078167115902965,0.0678391959798995,0.010121457489878543,0.04457364341085271,0.15176151761517614,0.04436860068259386,0.07666098807495741,0.0594059405940594,0.01360544217687075,0.1630901287553648,0.35103889975196473,7,8
51,0.09775888717156106,0.022167487684729065,0.2170769016270338,0.08471074380165289,0.18059299191374664,0.11809045226130653,0.0020242914979757085,0.06782945736434108,0.18157181571815717,0.06996587030716724,0.10051107325383304,0.09900990099009901,0.06349206349206349,0.1072961373390558,0.6842643573349553,2,0
52,0.0973724884080371,0.1330049261083744,0.09987020813516896,0.10330578512396695,0.2129380053908356,0.10301507537688442,0.018218623481781375,0.04844961240310078,0.10298102981029811,0.042662116040955635,0.030664395229982964,0.024752475247524754,0.07936507936507936,0.07725321888412018,0.08811403528883768,0,2
53,0.09621329211746522,0.0012315270935960591,0.1639549436795995,0.121900826446281,0.15094339622641512,0.17839195979899497,0.05465587044534413,0.06007751937984496,0.15176151761517614,0.03242320819112628,0.03236797274275979,0.039603960396039604,0.054421768707483,0.1630901287553648,0.04758955857615779,0,2
54,0.0946676970633694,0.09359605911330049,0.10661353007509387,0.17768595041322316,0.14016172506738545,0.12311557788944724,0.020242914979757085,0.04263565891472868,0.11653116531165311,0.042662116040955635,0.013628620102214651,0.019801980198019802,0.034013605442176874,0.09871244635193133,0.05029752105889707,0,2
55,0.09331530139103555,0.0,0.0,0.0743801652892562,0.1293800539083558,0.13316582914572864,0.03441295546558704,0.14922480620155038,0.24390243902439024,0.07849829351535836,0.10732538330494037,0.01485148514851485,0.04308390022675737,0.034334763948497854,0.13382529877341148,0,2
56,0.09041731066460587,0.009852216748768473,0.11999374217772216,0.09090909090909091,0.19137466307277629,0.02763819095477387,0.04453441295546559,0.029069767441860465,0.0921409214092141,0.02218430034129693,0.030664395229982964,0.06930693069306931,0.04308390022675737,0.03862660944206009,0.056484190141483454,0,2
57,0.08964451313755796,0.0012315270935960591,0.15769712140175218,0.08471074380165289,0.18059299191374664,0.2085427135678392,0.05060728744939271,0.0872093023255814,0.08943089430894309,0.042662116040955635,0.04940374787052811,0.04950495049504951,0.08616780045351474,0.15450643776824036,0.20118507448341794,0,2
58,0.08790571870170015,0.13793103448275862,0.09847130341677097,0.05785123966942149,0.11590296495956874,0.16331658291457288,0.03643724696356275,0.08333333333333333,0.07859078590785908,0.023890784982935155,0.054514480408858604,0.009900990099009901,0.049886621315192746,0.047210300429184546,0.0787209239595242,0,2
59,0.08520092735703245,0.13916256157635468,0.11698251132665832,0.08884297520661158,0.1266846361185984,0.09296482412060302,0.04453441295546559,0.10852713178294573,0.0975609756097561,0.034129692832764506,0.028960817717206135,0.039603960396039604,0.036281179138321996,0.05150214592274678,0.2975273672054808,7,3
60,0.08423493044822257,0.03201970443349754,0.12587850200250314,0.05991735537190083,0.19946091644204852,0.14824120603015076,0.016194331983805668,0.0872093023255814,0.17886178861788618,0.03242320819112628,0.034071550255536626,0.039603960396039604,0.06575963718820863,0.055793991416309016,0.4003656633917507,2,3
61,0.0840417310664606,0.05541871921182266,0.1672090112640801,0.09710743801652894,0.07547169811320756,0.052763819095477386,0.01417004048582996,0.07751937984496124,0.11653116531165311,0.05631399317406143,0.054514480408858604,0.01485148514851485,0.07256235827664399,0.055793991416309016,0.48194758638338825,2,3
62,0.08326893353941267,0.0,0.0,0.08264462809917356,0.19676549865229112,0.15577889447236182,0.020242914979757085,0.09108527131782945,0.15718157181571815,0.04778156996587031,0.059625212947189095,0.009900990099009901,0.05215419501133787,0.04291845493562232,0.5588498178729013,2,0
63,0.08153013910355487,0.054187192118226604,0.12418932757196495,0.06198347107438017,0.19137466307277629,0.07788944723618091,0.05465587044534413,0.046511627906976744,0.12466124661246612,0.08532423208191127,0.03236797274275979,0.01485148514851485,0.08616780045351474,0.060085836909871244,0.0721570173731903,0,2
64,0.07747295208655333,0.059113300492610835,0.18272841051314143,0.01859504132231405,0.10242587601078168,0.04522613065326633,0.004048582995951417,0.015503875968992248,0.0921409214092141,0.03242320819112628,0.0034071550255536627,0.04455445544554455,0.04081632653061225,0.22746781115879827,0.01877420526957818,4,2
65,0.07727975270479134,0.027093596059113302,0.14631926270337922,0.04132231404958678,0.16172506738544476,0.1457286432160804,0.012145748987854251,0.09883720930232558,0.13550135501355012,0.025597269624573378,0.040885860306643956,0.0594059405940594,0.06802721088435375,0.06866952789699571,0.20521956907858202,2,2
66,0.0767001545595054,0.0,0.0,0.1590909090909091,0.17789757412398924,0.2135678391959799,0.018218623481781375,0.12015503875968991,0.0027100271002710027,0.05631399317406143,0.05281090289608177,0.009900990099009901,0.024943310657596373,0.060085836909871244,0.026912955568232103,0,2
67,0.07650695517774343,0.0049261083743842365,0.10294117647058824,0.10537190082644629,0.17789757412398924,0.0728643216080402,0.004048582995951417,0.05426356589147287,0.21951219512195122,0.04607508532423208,0.03577512776831346,0.0297029702970297,0.0272108843537415,0.11587982832618025,0.5505975316002577,2,0
68,0.0741885625965997,0.0,0.0,0.01859504132231405,0.18328840970350405,0.12060301507537688,0.02834008097165992,0.10465116279069767,0.17073170731707318,0.059726962457337884,0.08517887563884156,0.0049504950495049506,0.020408163265306124,0.055793991416309016,0.05345857411280038,0,2
69,0.07380216383307574,0.0,0.0,0.11570247933884298,0.2830188679245283,0.07788944723618091,0.01417004048582996,0.11434108527131782,0.0,0.05460750853242321,0.06643952299829642,0.009900990099009901,0.022675736961451247,0.017167381974248927,0.0,0,2
70,0.07302936630602783,0.022167487684729065,0.08872201362953692,0.06611570247933884,0.1266846361185984,0.12562814070351758,0.010121457489878543,0.07751937984496124,0.14363143631436315,0.017064846416382253,0.027257240204429302,0.0049504950495049506,0.02947845804988662,0.02575107296137339,0.6850967085715625,2,0
71,0.07148377125193199,0.03694581280788178,0.2105965790988736,0.049586776859504134,0.07008086253369272,0.05025125628140704,0.04251012145748988,0.046511627906976744,0.03252032520325203,0.02901023890784983,0.027257240204429302,0.06435643564356436,0.018140589569160998,0.034334763948497854,0.0650447606567833,4,4
72,0.07090417310664607,0.012315270935960592,0.17409261576971213,0.01859504132231405,0.14285714285714288,0.17336683417085427,0.024291497975708502,0.03488372093023256,0.08672086720867209,0.02218430034129693,0.013628620102214651,0.024752475247524754,0.045351473922902494,0.055793991416309016,0.3113046501032523,4,3
73,0.0705177743431221,0.034482758620689655,0.11769175755944931,0.07231404958677687,0.09703504043126684,0.04773869346733668,0.006072874493927126,0.08527131782945736,0.14092140921409213,0.03754266211604096,0.044293015332197615,0.01485148514851485,0.061224489795918366,0.02145922746781116,0.5827256287406926,2,0
74,0.07013137557959814,0.009852216748768473,0.12578222778473092,0.04338842975206612,0.24528301886792453,0.15075376884422112,0.022267206477732795,0.04844961240310078,0.14905149051490515,0.01877133105802048,0.030664395229982964,0.01485148514851485,0.054421768707483,0.09442060085836909,0.17119670049846816,2,2
75,0.06935857805255023,0.007389162561576354,0.06528994576971214,0.030991735537190084,0.09703504043126684,0.18341708542713567,0.004048582995951417,0.027131782945736434,0.08943089430894309,0.017064846416382253,0.020442930153321978,0.024752475247524754,0.05895691609977324,0.05150214592274678,0.6949491612395248,2,0
76,0.06858578052550232,0.027093596059113302,0.2610649675844806,0.022727272727272728,0.1266846361185984,0.10804020100502512,0.020242914979757085,0.05232558139534883,0.1111111111111111,0.04778156996587031,0.030664395229982964,0.04950495049504951,0.09977324263038549,0.09012875536480687,0.6776600818818249,2,0
77,0.06858578052550232,0.05172413793103448,0.1963168246558198,0.04338842975206612,0.2587601078167116,0.07788944723618091,0.01417004048582996,0.031007751937984496,0.10298102981029811,0.04778156996587031,0.01192504258943782,0.019801980198019802,0.05895691609977324,0.034334763948497854,0.08574564187851842,0,2
78,0.06742658423493045,0.059113300492610835,0.09678765122653317,0.05991735537190083,0.07816711590296496,0.09296482412060302,0.024291497975708502,0.05426356589147287,0.15989159891598917,0.025597269624573378,0.04770017035775128,0.0049504950495049506,0.049886621315192746,0.047210300429184546,0.06578390753678691,0,2
79,0.06684698608964451,0.03571428571428571,0.1608476112640801,0.045454545454545456,0.1266846361185984,0.11306532663316583,0.02631578947368421,0.029069767441860465,0.11924119241192412,0.03754266211604096,0.044293015332197615,0.04455445544554455,0.06802721088435375,0.05150214592274678,0.3624805960665149,2,3
80,0.06356259659969088,0.019704433497536946,0.2482008760951189,0.09297520661157024,0.1266846361185984,0.032663316582914576,0.016194331983805668,0.03294573643410853,0.08130081300813008,0.01877133105802048,0.01192504258943782,0.06435643564356436,0.020408163265306124,0.0815450643776824,0.73703375552221,2,0
81,0.06298299845440494,0.0603448275862069,0.10750683251564457,0.04338842975206612,0.15094339622641512,0.1306532663316583,0.016194331983805668,0.027131782945736434,0.11382113821138211,0.02901023890784983,0.022146507666098807,0.019801980198019802,0.036281179138321996,0.06866952789699571,0.4714428867120819,2,3
82,0.06221020092735703,0.0,0.0,0.11363636363636365,0.12398921832884098,0.09045226130653267,0.006072874493927126,0.03294573643410853,0.08943089430894309,0.05631399317406143,0.04258943781942078,0.009900990099009901,0.006802721088435375,0.1459227467811159,0.014999113213453576,0,2
83,0.061437403400309114,0.0049261083743842365,0.60450563204005,0.008264462809917356,0.169811320754717,0.10050251256281408,0.024291497975708502,0.1065891472868217,0.10298102981029811,0.03242320819112628,0.010221465076660989,0.039603960396039604,0.05895691609977324,0.047210300429184546,0.5230887658739225,2,9
84,0.06047140649149922,0.0024630541871921183,0.21526908635794745,0.16322314049586778,0.09164420485175202,0.08542713567839195,0.022267206477732795,0.046511627906976744,0.13821138211382114,0.023890784982935155,0.034071550255536626,0.019801980198019802,0.020408163265306124,0.03862660944206009,0.03352166014572422,4,2
85,0.05853941267387944,0.054187192118226604,0.19239959036295368,0.03305785123966942,0.10512129380053908,0.04773869346733668,0.024291497975708502,0.046511627906976744,0.05962059620596206,0.020477815699658702,0.054514480408858604,0.039603960396039604,0.034013605442176874,0.012875536480686695,0.05741795070591915,4,4
86,0.057766615146831526,0.029556650246305417,0.07040050062578224,0.049586776859504134,0.15902964959568733,0.06030150753768844,0.02631578947368421,0.015503875968992248,0.08401084010840108,0.05460750853242321,0.0051107325383304945,0.039603960396039604,0.11111111111111112,0.06866952789699571,0.14948327470388642,0,2
87,0.057573415765069545,0.054187192118226604,0.2375981340425532,0.07024793388429752,0.05929919137466308,0.07788944723618091,0.012145748987854251,0.03488372093023256,0.16531165311653118,0.03754266211604096,0.04770017035775128,0.019801980198019802,0.024943310657596373,0.008583690987124463,0.44602537193985325,2,3
88,0.056800618238021634,0.0,0.0,0.06198347107438017,0.2803234501347709,0.09045226130653267,0.0020242914979757085,0.08139534883720931,0.051490514905149054,0.03583617747440273,0.04770017035775128,0.0049504950495049506,0.011337868480725623,0.02575107296137339,0.021961803077727188,0,2
89,0.05602782071097372,0.0024630541871921183,0.13016270337922403,0.045454545454545456,0.11051212938005392,0.08040201005025126,0.008097165991902834,0.06589147286821706,0.10569105691056911,0.03924914675767918,0.04258943781942078,0.01485148514851485,0.05215419501133787,0.034334763948497854,0.7287872139987425,2,0
90,0.05564142194744976,0.0332512315270936,0.23079775644555697,0.04132231404958678,0.11859838274932616,0.0678391959798995,0.0708502024291498,0.04263565891472868,0.06504065040650406,0.040955631399317405,0.028960817717206135,0.019801980198019802,0.06575963718820863,0.008583690987124463,0.17581371589605177,4,3
91,0.05544822256568779,0.0,0.0,0.04338842975206612,0.1266846361185984,0.08542713567839195,0.03643724696356275,0.025193798449612403,0.04878048780487805,0.040955631399317405,0.022146507666098807,0.034653465346534656,0.061224489795918366,0.10300429184549356,0.12663232911728328,4,2
92,0.05486862442040185,0.0,0.0,0.006198347107438017,0.19946091644204852,0.1457286432160804,0.016194331983805668,0.06201550387596899,0.13008130081300812,0.02901023890784983,0.02385008517887564,0.0,0.020408163265306124,0.04291845493562232,0.02523238996226469,0,2
93,0.05409582689335394,0.0,0.0,0.05165289256198347,0.1725067385444744,0.09547738693467336,0.016194331983805668,0.07364341085271317,0.10840108401084012,0.023890784982935155,0.022146507666098807,0.0049504950495049506,0.031746031746031744,0.06866952789699571,0.5063612834330895,2,3
94,0.05390262751159196,0.046798029556650245,0.25594493116395495,0.05578512396694215,0.07008086253369272,0.07537688442211056,0.008097165991902834,0.04844961240310078,0.07046070460704607,0.03242320819112628,0.03236797274275979,0.01485148514851485,0.049886621315192746,0.02145922746781116,0.6178778059203465,2,0
95,0.05332302936630602,0.0012315270935960591,1.0,0.02066115702479339,0.07277628032345014,0.31155778894472363,0.008097165991902834,0.01744186046511628,0.05962059620596206,0.006825938566552901,0.013628620102214651,0.019801980198019802,0.0272108843537415,0.047210300429184546,0.11412322178472187,4,9
96,0.052936630602782066,0.023399014778325122,0.15025360650813516,0.026859504132231406,0.07277628032345014,0.09547738693467336,0.010121457489878543,0.0755813953488372,0.11382113821138211,0.03924914675767918,0.027257240204429302,0.01485148514851485,0.045351473922902494,0.055793991416309016,0.800477747916998,2,0
97,0.05100463678516228,0.0,0.0,0.06198347107438017,0.15633423180592992,0.0728643216080402,0.016194331983805668,0.0872093023255814,0.06775067750677506,0.034129692832764506,0.04770017035775128,0.0,0.024943310657596373,0.017167381974248927,0.5025122194465691,2,3
98,0.050618238021638326,0.06157635467980296,0.08770963704630788,0.030991735537190084,0.07277628032345014,0.08793969849246232,0.03643724696356275,0.013565891472868217,0.051490514905149054,0.03242320819112628,0.01192504258943782,0.01485148514851485,0.045351473922902494,0.09012875536480687,0.04418537875390195,4,4
99,0.05003863987635239,0.0012315270935960591,0.2590738423028786,0.028925619834710745,0.05121293800539084,0.09296482412060302,0.03441295546558704,0.025193798449612403,0.056910569105691054,0.08361774744027303,0.03236797274275979,0.0,0.10657596371882086,0.03862660944206009,0.4004389570844202,2,3
100,0.049652241112828434,0.0012315270935960591,0.3992490613266583,0.014462809917355372,0.12129380053908356,0.10050251256281408,0.006072874493927126,0.08139534883720931,0.10298102981029811,0.03242320819112628,0.017035775127768313,0.009900990099009901,0.07482993197278912,0.06866952789699571,0.443372624110329,2,3
101,0.04926584234930448,0.019704433497536946,0.14940550688360452,0.05578512396694215,0.09703504043126684,0.09045226130653267,0.022267206477732795,0.050387596899224806,0.07588075880758807,0.011945392491467578,0.015332197614991482,0.009900990099009901,0.05895691609977324,0.047210300429184546,0.5943709527021162,2,0
102,0.04887944358578052,0.07635467980295567,0.10666559005006257,0.030991735537190084,0.0862533692722372,0.09547738693467336,0.012145748987854251,0.04457364341085271,0.07317073170731707,0.023890784982935155,0.018739352640545145,0.0049504950495049506,0.022675736961451247,0.017167381974248927,0.5991381645201921,2,0
103,0.04868624420401854,0.014778325123152709,0.5731122236545683,0.028925619834710745,0.15902964959568733,0.06532663316582915,0.01417004048582996,0.02131782945736434,0.037940379403794036,0.010238907849829351,0.013628620102214651,0.0,0.04308390022675737,0.055793991416309016,0.05168170553156259,4,9
104,0.04694744976816074,0.013546798029556651,0.14051655481852315,0.014462809917355372,0.13746630727762804,0.10552763819095477,0.024291497975708502,0.03488372093023256,0.01084010840108401,0.04778156996587031,0.020442930153321978,0.024752475247524754,0.09750566893424037,0.012875536480686695,0.10151283392484896,4,4
105,0.04656105100463678,0.024630541871921183,0.20475594493116395,0.049586776859504134,0.09973045822102426,0.04020100502512563,0.0020242914979757085,0.007751937984496124,0.0975609756097561,0.02218430034129693,0.02555366269165247,0.039603960396039604,0.04308390022675737,0.06437768240343347,0.5320465004632664,2,3
106,0.045981452859350846,0.0049261083743842365,0.07509386733416772,0.047520661157024795,0.07008086253369272,0.12814070351758794,0.008097165991902834,0.025193798449612403,0.07046070460704607,0.051194539249146756,0.0051107325383304945,0.009900990099009901,0.061224489795918366,0.055793991416309016,0.5694542212678786,2,0
107,0.045015455950540954,0.06157635467980296,0.12831038798498123,0.0371900826446281,0.04851752021563342,0.035175879396984924,0.012145748987854251,0.03294573643410853,0.04878048780487805,0.052901023890784986,0.028960817717206135,0.01485148514851485,0.054421768707483,0.047210300429184546,0.24873800868268714,2,3
108,0.044629057187017,0.034482758620689655,0.13633112816020024,0.03925619834710744,0.11051212938005392,0.07788944723618091,0.04453441295546559,0.029069767441860465,0.037940379403794036,0.025597269624573378,0.03236797274275979,0.01485148514851485,0.034013605442176874,0.008583690987124463,0.20552113621019705,4,3
109,0.04443585780525502,0.003694581280788177,0.23320817684605757,0.010330578512396695,0.11859838274932616,0.16834170854271358,0.008097165991902834,0.03294573643410853,0.03523035230352303,0.008532423208191127,0.0051107325383304945,0.0,0.036281179138321996,0.07725321888412018,0.7853140024272954,2,0
110,0.04424265842349304,0.01847290640394089,0.12665832290362955,0.08264462809917356,0.13477088948787064,0.07537688442211056,0.016194331983805668,0.03488372093023256,0.04878048780487805,0.013651877133105802,0.0017035775127768314,0.009900990099009901,0.04308390022675737,0.03862660944206009,0.26662875349460674,2,3
111,0.04404945904173106,0.008620689655172414,0.39942785619524407,0.024793388429752067,0.14285714285714288,0.052763819095477386,0.004048582995951417,0.03488372093023256,0.08401084010840108,0.03242320819112628,0.010221465076660989,0.04950495049504951,0.020408163265306124,0.12017167381974249,0.4741987175697133,2,3
112,0.04385625965996908,0.0,0.0,0.04132231404958678,0.169811320754717,0.06532663316582915,0.0020242914979757085,0.08527131782945736,0.051490514905149054,0.03242320819112628,0.030664395229982964,0.0049504950495049506,0.0022675736961451248,0.04291845493562232,0.026894263883147605,6,4
113,0.042890262751159196,0.01847290640394089,0.1276595744680851,0.04338842975206612,0.08086253369272238,0.03015075376884422,0.024291497975708502,0.06589147286821706,0.08130081300813008,0.020477815699658702,0.020442930153321978,0.01485148514851485,0.05668934240362812,0.02575107296137339,0.05157352205311492,2,4
114,0.04250386398763523,0.024630541871921183,0.09943679599499375,0.028925619834710745,0.0862533692722372,0.11809045226130653,0.020242914979757085,0.040697674418604654,0.05962059620596206,0.02218430034129693,0.01192504258943782,0.009900990099009901,0.036281179138321996,0.047210300429184546,0.33576770723928334,4,3
115,0.041151468315301386,0.05665024630541872,0.11421886053817272,0.03305785123966942,0.07277628032345014,0.04020100502512563,0.004048582995951417,0.03488372093023256,0.056910569105691054,0.017064846416382253,0.020442930153321978,0.0049504950495049506,0.031746031746031744,0.05150214592274678,0.05367865534207248,4,4
116,0.04095826893353941,0.0,0.0,0.05165289256198347,0.06199460916442049,0.07035175879396985,0.05263157894736842,0.027131782945736434,0.037940379403794036,0.015358361774744027,0.015332197614991482,0.034653465346534656,0.03854875283446712,0.06866952789699571,0.12511839459976423,6,4
117,0.040185471406491494,0.012315270935960592,0.12027534418022527,0.01859504132231405,0.08086253369272238,0.1407035175879397,0.022267206477732795,0.015503875968992248,0.08672086720867209,0.011945392491467578,0.03236797274275979,0.024752475247524754,0.022675736961451247,0.012875536480686695,0.8197348141741776,2,0
118,0.040185471406491494,0.0012315270935960591,0.04130162703379224,0.04132231404958678,0.09433962264150944,0.06281407035175879,0.02631578947368421,0.03488372093023256,0.10840108401084012,0.017064846416382253,0.017035775127768313,0.0,0.04761904761904762,0.012875536480686695,0.8314047027550897,2,0
119,0.03999227202472952,0.04187192118226601,0.1843480821026283,0.03305785123966942,0.06738544474393532,0.10301507537688442,0.03036437246963563,0.029069767441860465,0.04336043360433604,0.011945392491467578,0.03236797274275979,0.01485148514851485,0.020408163265306124,0.0,0.42821201750654625,4,3
120,0.03979907264296754,0.03940886699507389,0.1622340425531915,0.05785123966942149,0.03773584905660378,0.0728643216080402,0.020242914979757085,0.025193798449612403,0.0921409214092141,0.01877133105802048,0.0068143100511073255,0.01485148514851485,0.04081632653061225,0.004291845493562232,0.335300197368197,2,3
121,0.0392194744976816,0.0012315270935960591,0.16520650813516896,0.02066115702479339,0.11590296495956874,0.032663316582914576,0.006072874493927126,0.05426356589147287,0.04336043360433604,0.011945392491467578,0.015332197614991482,0.039603960396039604,0.0272108843537415,0.12017167381974249,0.8473368709445132,2,0
122,0.03863987635239567,0.0,0.0,0.06404958677685951,0.10512129380053908,0.08542713567839195,0.012145748987854251,0.06589147286821706,0.0,0.01877133105802048,0.030664395229982964,0.01485148514851485,0.011337868480725623,0.06866952789699571,0.020398894763765885,6,4
123,0.038060278207109735,0.0024630541871921183,0.04755944931163955,0.04338842975206612,0.09703504043126684,0.07537688442211056,0.01417004048582996,0.025193798449612403,0.05420054200542006,0.023890784982935155,0.013628620102214651,0.009900990099009901,0.07029478458049887,0.030042918454935622,0.7912736832503348,2,0
124,0.038060278207109735,0.009852216748768473,0.09856070087609513,0.03305785123966942,0.04582210242587601,0.08040201005025126,0.02834008097165992,0.031007751937984496,0.04336043360433604,0.05802047781569966,0.02385008517887564,0.01485148514851485,0.049886621315192746,0.012875536480686695,0.3269359006784593,2,3
125,0.03767387944358578,0.022167487684729065,0.13266583229036297,0.008264462809917356,0.09703504043126684,0.02512562814070352,0.02834008097165992,0.023255813953488372,0.03252032520325203,0.015358361774744027,0.017035775127768313,0.009900990099009901,0.036281179138321996,0.004291845493562232,0.07004375980703305,4,4
126,0.03709428129829984,0.0024630541871921183,0.21088861076345433,0.006198347107438017,0.07816711590296496,0.08040201005025126,0.01417004048582996,0.046511627906976744,0.04878048780487805,0.006825938566552901,0.008517887563884156,0.009900990099009901,0.04081632653061225,0.060085836909871244,0.4103727142811736,2,3
127,0.03709428129829984,0.03201970443349754,0.1127370751939925,0.022727272727272728,0.0646900269541779,0.06532663316582915,0.01417004048582996,0.02131782945736434,0.06775067750677506,0.027303754266211604,0.0034071550255536627,0.0,0.04308390022675737,0.0815450643776824,0.18285807035629434,4,4
128,0.03690108191653786,0.0049261083743842365,0.08291614518147684,0.002066115702479339,0.08355795148247978,0.06532663316582915,0.016194331983805668,0.04263565891472868,0.0975609756097561,0.010238907849829351,0.028960817717206135,0.0,0.036281179138321996,0.03862660944206009,1.0,2,0
129,0.036514683153013906,0.0,0.0,0.014462809917355372,0.05121293800539084,0.017587939698492462,0.008097165991902834,0.05813953488372093,0.0,0.017064846416382253,0.013628620102214651,0.0,0.020408163265306124,0.10300429184549356,0.008198514490585267,6,4
130,0.034003091190108185,0.054187192118226604,0.17430879511889866,0.028925619834710745,0.0215633423180593,0.04271356783919598,0.05668016194331984,0.02131782945736434,0.03523035230352303,0.015358361774744027,0.013628620102214651,0.024752475247524754,0.034013605442176874,0.008583690987124463,0.024866420088179672,4,4
131,0.033423493044822256,0.0,0.0,0.05578512396694215,0.09164420485175202,0.06532663316582915,0.008097165991902834,0.050387596899224806,0.0027100271002710027,0.023890784982935155,0.018739352640545145,0.019801980198019802,0.006802721088435375,0.06866952789699571,0.024906846518689137,6,4
132,0.033423493044822256,0.03940886699507389,0.12828535669586985,0.04132231404958678,0.05660377358490566,0.07035175879396985,0.01417004048582996,0.031007751937984496,0.04878048780487805,0.011945392491467578,0.0017035775127768314,0.009900990099009901,0.018140589569160998,0.034334763948497854,0.06353725515827852,4,4
133,0.03303709428129829,0.022167487684729065,0.0962314003629537,0.02066115702479339,0.05121293800539084,0.12562814070351758,0.020242914979757085,0.013565891472868217,0.037940379403794036,0.010238907849829351,0.0034071550255536627,0.0049504950495049506,0.04081632653061225,0.06437768240343347,0.04427295952770402,4,4
134,0.03245749613601236,0.022167487684729065,0.1677096370463079,0.03305785123966942,0.04043126684636119,0.05025125628140704,0.03441295546558704,0.03488372093023256,0.04607046070460705,0.011945392491467578,0.015332197614991482,0.039603960396039604,0.0045351473922902496,0.004291845493562232,0.05366092950134646,4,4
135,0.03226429675425038,0.006157635467980296,0.13892365456821026,0.010330578512396695,0.09164420485175202,0.04522613065326633,0.012145748987854251,0.009689922480620155,0.02981029810298103,0.01877133105802048,0.013628620102214651,0.04455445544554455,0.04761904761904762,0.09012875536480687,0.23295255891239142,2,3
136,0.03207109737248841,0.0,0.0,0.014462809917355372,0.04582210242587601,0.0829145728643216,0.010121457489878543,0.08139534883720931,0.0,0.02901023890784983,0.008517887563884156,0.01485148514851485,0.015873015873015872,0.047210300429184546,0.0038868829768103495,6,4
137,0.030911901081916538,0.009852216748768473,0.1323529411764706,0.014462809917355372,0.07277628032345014,0.17336683417085427,0.0020242914979757085,0.003875968992248062,0.013550135501355014,0.010238907849829351,0.0,0.01485148514851485,0.01360544217687075,0.05150214592274678,0.05598311852915756,4,4
138,0.030139103554868624,0.0049261083743842365,0.03566958698372966,0.024793388429752067,0.07816711590296496,0.07788944723618091,0.016194331983805668,0.02131782945736434,0.06775067750677506,0.008532423208191127,0.008517887563884156,0.0049504950495049506,0.031746031746031744,0.017167381974248927,0.782601448497816,2,0
139,0.030139103554868624,0.019704433497536946,0.0869837296620776,0.05371900826446281,0.05390835579514825,0.01507537688442211,0.024291497975708502,0.001937984496124031,0.01084010840108401,0.005119453924914676,0.0017035775127768314,0.01485148514851485,0.006802721088435375,0.012875536480686695,0.006939990245279625,6,4
140,0.02917310664605873,0.024630541871921183,0.38272841051314144,0.05165289256198347,0.03773584905660378,0.02512562814070352,0.01417004048582996,0.01937984496124031,0.04336043360433604,0.010238907849829351,0.013628620102214651,0.06930693069306931,0.020408163265306124,0.012875536480686695,0.4134450035882316,2,3
141,0.028786707882534776,0.0,0.0,0.006198347107438017,0.06738544474393532,0.09798994974874373,0.008097165991902834,0.03875968992248062,0.03252032520325203,0.034129692832764506,0.015332197614991482,0.0,0.006802721088435375,0.047210300429184546,0.02617547409349858,6,4
142,0.0285935085007728,0.0,0.0,0.004132231404958678,0.04043126684636119,0.06030150753768844,0.02631578947368421,0.0755813953488372,0.037940379403794036,0.02218430034129693,0.0017035775127768314,0.0594059405940594,0.015873015873015872,0.017167381974248927,0.504620898578211,2,3
143,0.0285935085007728,0.011083743842364532,0.08594075928660826,0.02066115702479339,0.03773584905660378,0.04271356783919598,0.010121457489878543,0.02131782945736434,0.03523035230352303,0.017064846416382253,0.0034071550255536627,0.0049504950495049506,0.06349206349206349,0.02145922746781116,0.7655801910376107,2,0
144,0.02840030911901082,0.008620689655172414,0.08045771500625783,0.026859504132231406,0.05660377358490566,0.06030150753768844,0.012145748987854251,0.031007751937984496,0.04336043360433604,0.017064846416382253,0.020442930153321978,0.0049504950495049506,0.011337868480725623,0.030042918454935622,0.5369185821545559,2,3
145,0.02840030911901082,0.012315270935960592,0.09336670838548185,0.014462809917355372,0.0862533692722372,0.06281407035175879,0.006072874493927126,0.015503875968992248,0.04336043360433604,0.015358361774744027,0.0017035775127768314,0.0,0.020408163265306124,0.09442060085836909,0.02678809543090644,6,4
146,0.027820710973724884,0.012315270935960592,0.09862327909887358,0.02066115702479339,0.07816711590296496,0.06532663316582915,0.0020242914979757085,0.009689922480620155,0.05962059620596206,0.005119453924914676,0.010221465076660989,0.019801980198019802,0.0045351473922902496,0.030042918454935622,0.2891780145205319,4,3
147,0.027820710973724884,0.003694581280788177,0.13016270337922403,0.002066115702479339,0.05390835579514825,0.09296482412060302,0.018218623481781375,0.013565891472868217,0.02710027100271003,0.011945392491467578,0.008517887563884156,0.0,0.04081632653061225,0.02575107296137339,0.3367841342863143,4,3
148,0.027627511591962906,0.008620689655172414,0.11961380296620776,0.028925619834710745,0.06738544474393532,0.0678391959798995,0.016194331983805668,0.015503875968992248,0.03523035230352303,0.015358361774744027,0.0068143100511073255,0.0049504950495049506,0.034013605442176874,0.03862660944206009,0.826077038913632,2,0
149,0.02704791344667697,0.014778325123152709,0.12786816858573216,0.012396694214876033,0.03234501347708895,0.08040201005025126,0.016194331983805668,0.027131782945736434,0.05420054200542006,0.006825938566552901,0.008517887563884156,0.0,0.01360544217687075,0.012875536480686695,0.7925364134842727,2,0
150,0.02627511591962906,0.009852216748768473,0.15613266583229038,0.012396694214876033,0.02964959568733154,0.06281407035175879,0.022267206477732795,0.05426356589147287,0.02981029810298103,0.011945392491467578,0.013628620102214651,0.009900990099009901,0.024943310657596373,0.004291845493562232,0.47007991380680336,2,3
151,0.025309119010819166,0.0012315270935960591,0.13141426783479349,0.01859504132231405,0.0215633423180593,0.020100502512562814,0.018218623481781375,0.01937984496124031,0.02710027100271003,0.011945392491467578,0.0051107325383304945,0.0297029702970297,0.022675736961451247,0.02575107296137339,0.05811509963870129,4,4
152,0.024149922720247297,0.0,0.0,0.028925619834710745,0.05660377358490566,0.03015075376884422,0.004048582995951417,0.03875968992248062,0.05962059620596206,0.023890784982935155,0.027257240204429302,0.0049504950495049506,0.0,0.008583690987124463,0.0,6,4
153,0.02357032457496136,0.029556650246305417,0.14351272428035045,0.012396694214876033,0.026954177897574125,0.02512562814070352,0.01417004048582996,0.029069767441860465,0.02710027100271003,0.010238907849829351,0.008517887563884156,0.04950495049504951,0.020408163265306124,0.008583690987124463,0.2386552216307756,2,3
154,0.023183925811437404,0.0049261083743842365,0.22684605757196497,0.014462809917355372,0.09164420485175202,0.04020100502512563,0.004048582995951417,0.013565891472868217,0.05420054200542006,0.006825938566552901,0.008517887563884156,0.0049504950495049506,0.015873015873015872,0.02145922746781116,0.014307213574001545,4,4
155,0.023183925811437404,0.022167487684729065,0.1443471005006258,0.01859504132231405,0.02425876010781671,0.04020100502512563,0.02834008097165992,0.023255813953488372,0.03523035230352303,0.011945392491467578,0.01192504258943782,0.009900990099009901,0.020408163265306124,0.004291845493562232,0.4078341046295851,4,3
156,0.022797527047913446,0.008620689655172414,0.07634543178973717,0.006198347107438017,0.08355795148247978,0.07788944723618091,0.012145748987854251,0.001937984496124031,0.04336043360433604,0.005119453924914676,0.008517887563884156,0.0,0.022675736961451247,0.012875536480686695,0.6060862297921976,2,0
157,0.021831530139103553,0.0,0.0,0.014462809917355372,0.0215633423180593,0.032663316582914576,0.0020242914979757085,0.011627906976744186,0.018970189701897018,0.03754266211604096,0.0068143100511073255,0.0,0.0,0.030042918454935622,0.011845230795625163,6,4
158,0.02125193199381762,0.0,0.0,0.002066115702479339,0.0431266846361186,0.04271356783919598,0.0020242914979757085,0.040697674418604654,0.02981029810298103,0.006825938566552901,0.0034071550255536627,0.0049504950495049506,0.0045351473922902496,0.08583690987124463,0.010427812931884661,6,4
159,0.02125193199381762,0.0,0.0,0.02066115702479339,0.05390835579514825,0.04522613065326633,0.004048582995951417,0.03875968992248062,0.0,0.025597269624573378,0.015332197614991482,0.0,0.009070294784580499,0.04291845493562232,0.014894593202734294,6,4
160,0.021058732612055642,0.0,0.0,0.01652892561983471,0.07816711590296496,0.05778894472361809,0.004048582995951417,0.01937984496124031,0.0,0.006825938566552901,0.022146507666098807,0.01485148514851485,0.01360544217687075,0.03862660944206009,0.009453696278156058,6,4
161,0.020672333848531683,0.0,0.0,0.012396694214876033,0.04582210242587601,0.01507537688442211,0.008097165991902834,0.031007751937984496,0.0,0.01877133105802048,0.017035775127768313,0.0,0.020408163265306124,0.02575107296137339,0.0,6,4
162,0.020672333848531683,0.0024630541871921183,0.14893617021276595,0.008264462809917356,0.09433962264150944,0.01507537688442211,0.03036437246963563,0.003875968992248062,0.037940379403794036,0.006825938566552901,0.0051107325383304945,0.0049504950495049506,0.022675736961451247,0.02575107296137339,0.06218254629197802,4,4
163,0.020479134466769706,0.0,0.0,0.014462809917355372,0.05660377358490566,0.02763819095477387,0.0,0.02131782945736434,0.02981029810298103,0.03583617747440273,0.017035775127768313,0.0,0.0022675736961451248,0.047210300429184546,0.014856251373954792,6,4
164,0.020285935085007728,0.0024630541871921183,0.1451814768460576,0.008264462809917356,0.016172506738544475,0.18090452261306533,0.012145748987854251,0.001937984496124031,0.0,0.006825938566552901,0.0017035775127768314,0.0049504950495049506,0.0,0.012875536480686695,0.026270658860599976,4,4
165,0.02009273570324575,0.0,0.0,0.0,0.06199460916442049,0.07537688442211056,0.008097165991902834,0.025193798449612403,0.016260162601626015,0.005119453924914676,0.0068143100511073255,0.009900990099009901,0.0,0.060085836909871244,0.012149038960525209,6,4
166,0.02009273570324575,0.0,0.0,0.045454545454545456,0.05390835579514825,0.05527638190954774,0.004048582995951417,0.03294573643410853,0.0,0.006825938566552901,0.013628620102214651,0.0,0.0022675736961451248,0.030042918454935622,0.018504402635710522,6,4
167,0.019126738794435858,0.012315270935960592,0.18147684605757197,0.008264462809917356,0.05929919137466308,0.022613065326633167,0.006072874493927126,0.003875968992248062,0.04878048780487805,0.0034129692832764505,0.0,0.0049504950495049506,0.02947845804988662,0.012875536480686695,0.03931810607101871,4,4
168,0.019126738794435858,0.027093596059113302,0.25702582778473093,0.02066115702479339,0.05121293800539084,0.03768844221105528,0.008097165991902834,0.003875968992248062,0.03252032520325203,0.0017064846416382253,0.010221465076660989,0.01485148514851485,0.0045351473922902496,0.004291845493562232,0.005423781063229409,4,4
169,0.01893353941267388,0.0,0.0,0.022727272727272728,0.026954177897574125,0.03768844221105528,0.0,0.03488372093023256,0.024390243902439025,0.02901023890784983,0.015332197614991482,0.0,0.0022675736961451248,0.030042918454935622,0.017783588453787674,6,4
170,0.018740340030911903,0.027093596059113302,0.1654340653316646,0.012396694214876033,0.08894878706199462,0.01256281407035176,0.0,0.01744186046511628,0.037940379403794036,0.0017064846416382253,0.0,0.0049504950495049506,0.0022675736961451248,0.017167381974248927,0.025672184295622683,4,4
171,0.018740340030911903,0.009852216748768473,0.16833541927409262,0.004132231404958678,0.008086253369272238,0.03015075376884422,0.010121457489878543,0.025193798449612403,0.04336043360433604,0.013651877133105802,0.0068143100511073255,0.01485148514851485,0.024943310657596373,0.02575107296137339,0.0852414978998604,4,4
172,0.01854714064914992,0.0012315270935960591,0.09136420525657071,0.010330578512396695,0.05121293800539084,0.06030150753768844,0.008097165991902834,0.01744186046511628,0.03252032520325203,0.011945392491467578,0.0017035775127768314,0.0,0.009070294784580499,0.017167381974248927,0.15438618862283968,4,4
173,0.01854714064914992,0.017241379310344827,0.20936885394242805,0.012396694214876033,0.0215633423180593,0.05527638190954774,0.01417004048582996,0.01744186046511628,0.008130081300813007,0.008532423208191127,0.015332197614991482,0.024752475247524754,0.011337868480725623,0.0,0.10559216064832176,4,4
174,0.01854714064914992,0.0024630541871921183,0.1251564455569462,0.010330578512396695,0.03234501347708895,0.032663316582914576,0.020242914979757085,0.007751937984496124,0.051490514905149054,0.008532423208191127,0.008517887563884156,0.01485148514851485,0.015873015873015872,0.004291845493562232,0.07595723257861811,4,4
175,0.01680834621329212,0.0012315270935960591,0.14643304130162704,0.010330578512396695,0.05660377358490566,0.04020100502512563,0.0020242914979757085,0.02131782945736434,0.02710027100271003,0.02218430034129693,0.0017035775127768314,0.0,0.0022675736961451248,0.017167381974248927,0.008703679336398734,4,4
176,0.01661514683153014,0.009852216748768473,0.20901126408010012,0.008264462809917356,0.01886792452830189,0.005025125628140704,0.008097165991902834,0.003875968992248062,0.008130081300813007,0.005119453924914676,0.0051107325383304945,0.019801980198019802,0.006802721088435375,0.02145922746781116,0.0,4,4
177,0.016035548686244204,0.0,0.0,0.004132231404958678,0.0431266846361186,0.03015075376884422,0.006072874493927126,0.025193798449612403,0.024390243902439025,0.013651877133105802,0.0068143100511073255,0.009900990099009901,0.006802721088435375,0.04291845493562232,0.027202201171120204,6,4
178,0.015842349304482226,0.007389162561576354,0.1885690446808511,0.0,0.05121293800539084,0.032663316582914576,0.004048582995951417,0.001937984496124031,0.024390243902439025,0.005119453924914676,0.0,0.0,0.01360544217687075,0.04291845493562232,0.02642273423725497,4,4
179,0.01564914992272025,0.0049261083743842365,0.05068836045056321,0.006198347107438017,0.0215633423180593,0.09547738693467336,0.0020242914979757085,0.007751937984496124,0.024390243902439025,0.0,0.0034071550255536627,0.0,0.015873015873015872,0.017167381974248927,0.38184979671014685,4,3
180,0.013717156105100464,0.0,0.0,0.008264462809917356,0.01886792452830189,0.017587939698492462,0.008097165991902834,0.009689922480620155,0.02710027100271003,0.011945392491467578,0.0034071550255536627,0.0049504950495049506,0.018140589569160998,0.060085836909871244,0.044788394061240425,6,4
181,0.013523956723338487,0.0049261083743842365,0.15456821026282855,0.004132231404958678,0.01886792452830189,0.03768844221105528,0.022267206477732795,0.007751937984496124,0.016260162601626015,0.005119453924914676,0.01192504258943782,0.0,0.011337868480725623,0.008583690987124463,0.41475526080276837,4,3
182,0.01178516228748068,0.009852216748768473,0.1231226533166458,0.008264462809917356,0.026954177897574125,0.020100502512562814,0.018218623481781375,0.005813953488372093,0.005420054200542005,0.0034129692832764505,0.0017035775127768314,0.009900990099009901,0.01360544217687075,0.008583690987124463,0.07274541373068961,4,4
183,0.01178516228748068,0.009852216748768473,0.1467459324155194,0.006198347107438017,0.0215633423180593,0.022613065326633167,0.01417004048582996,0.01744186046511628,0.01084010840108401,0.0034129692832764505,0.008517887563884156,0.0049504950495049506,0.0045351473922902496,0.0,0.34504887355445457,4,3
184,0.011591962905718702,0.0,0.0,0.0,0.013477088948787063,0.007537688442211055,0.0020242914979757085,0.001937984496124031,0.005420054200542005,0.0,0.0017035775127768314,0.0,0.0022675736961451248,0.004291845493562232,0.02160965947654127,6,4
185,0.011398763523956724,0.0024630541871921183,0.04881101376720901,0.01652892561983471,0.005390835579514825,0.02763819095477387,0.016194331983805668,0.013565891472868217,0.005420054200542005,0.011945392491467578,0.0,0.0297029702970297,0.0,0.008583690987124463,0.055607600849582245,6,4
186,0.011205564142194745,0.009852216748768473,0.11639549436795996,0.004132231404958678,0.02425876010781671,0.04020100502512563,0.010121457489878543,0.0,0.008130081300813007,0.011945392491467578,0.0017035775127768314,0.0,0.0022675736961451248,0.017167381974248927,0.018470621031168,6,4
187,0.009659969088098918,0.0,0.0,0.002066115702479339,0.02964959568733154,0.01507537688442211,0.01417004048582996,0.015503875968992248,0.008130081300813007,0.0017064846416382253,0.0017035775127768314,0.01485148514851485,0.0,0.012875536480686695,0.03083187555888731,6,4
188,0.008887171561051005,0.0024630541871921183,0.11514392991239049,0.002066115702479339,0.01886792452830189,0.022613065326633167,0.008097165991902834,0.0,0.024390243902439025,0.0034129692832764505,0.0017035775127768314,0.0049504950495049506,0.0045351473922902496,0.030042918454935622,0.018681327991541697,6,4
189,0.008500772797527048,0.0,0.0,0.002066115702479339,0.01078167115902965,0.08040201005025126,0.0,0.001937984496124031,0.005420054200542005,0.0017064846416382253,0.0017035775127768314,0.0,0.0,0.004291845493562232,0.05654762100064647,6,4
190,0.00811437403400309,0.0,0.0,0.004132231404958678,0.01078167115902965,0.03015075376884422,0.024291497975708502,0.001937984496124031,0.0027100271002710027,0.005119453924914676,0.0,0.0,0.0022675736961451248,0.02575107296137339,0.012072948081594943,6,4
191,0.0077279752704791345,0.0,0.0,0.004132231404958678,0.02425876010781671,0.035175879396984924,0.0020242914979757085,0.005813953488372093,0.013550135501355014,0.0,0.0,0.0,0.0045351473922902496,0.012875536480686695,0.028159301132150028,6,4
192,0.007148377125193199,0.0,0.0,0.014462809917355372,0.03773584905660378,0.002512562814070352,0.004048582995951417,0.001937984496124031,0.0027100271002710027,0.0017064846416382253,0.0034071550255536627,0.0049504950495049506,0.0022675736961451248,0.004291845493562232,0.0009768568979461696,6,4
193,0.006761978361669242,0.0,0.0,0.008264462809917356,0.0026954177897574125,0.01507537688442211,0.004048582995951417,0.001937984496124031,0.02168021680216802,0.0034129692832764505,0.0,0.0,0.0045351473922902496,0.03862660944206009,0.019421129992632378,6,4
194,0.00579598145285935,0.0024630541871921183,0.11889862327909888,0.002066115702479339,0.01078167115902965,0.02763819095477387,0.0020242914979757085,0.001937984496124031,0.0027100271002710027,0.0017064846416382253,0.0,0.0,0.0022675736961451248,0.030042918454935622,0.012559866866589805,6,4
195,0.005023183925811437,0.0024630541871921183,0.1677096370463079,0.0,0.008086253369272238,0.005025125628140704,0.016194331983805668,0.0,0.0027100271002710027,0.005119453924914676,0.0,0.0,0.006802721088435375,0.0,0.04181628309362987,4,4
196,0.005023183925811437,0.0,0.0,0.002066115702479339,0.008086253369272238,0.032663316582914576,0.004048582995951417,0.0,0.0,0.0017064846416382253,0.0,0.0,0.0045351473922902496,0.017167381974248927,0.01659633595408218,6,4
197,0.0030911901081916537,0.0,0.0,0.004132231404958678,0.005390835579514825,0.010050251256281407,0.012145748987854251,0.0,0.0,0.0,0.0017035775127768314,0.0,0.0,0.0,0.023563020475693936,6,4
198,0.0030911901081916537,0.0,0.0,0.002066115702479339,0.005390835579514825,0.005025125628140704,0.0,0.001937984496124031,0.005420054200542005,0.006825938566552901,0.0017035775127768314,0.0049504950495049506,0.0022675736961451248,0.004291845493562232,0.05106511824574994,6,4
199,0.0028979907264296756,0.0,0.0,0.004132231404958678,0.01078167115902965,0.002512562814070352,0.006072874493927126,0.001937984496124031,0.0,0.0,0.0,0.019801980198019802,0.0,0.0,0.017593870355773932,6,4
200,0.0027047913446676974,0.0049261083743842365,0.1376720901126408,0.002066115702479339,0.0,0.01256281407035176,0.006072874493927126,0.0,0.0,0.0,0.0,0.0049504950495049506,0.0,0.004291845493562232,0.017971338868672436,6,4
201,0.0009659969088098917,0.0,0.0,0.0,0.013477088948787063,0.002512562814070352,0.0,0.0,0.0,0.0,0.0,0.0,0.0,0.0,0.012635296731330787,6,4
202,0.00019319938176197836,0.0,0.0,0.0,0.0026954177897574125,0.0,0.0,0.0,0.0027100271002710027,0.0,0.0,0.0,0.0,0.0,0.016794987290887,6,4
203,0.0,0.0,0.0,0.0,0.0,0.0,0.0,0.0,0.0,0.0017064846416382253,0.0,0.0,0.0,0.0,0.008473285369676746,6,4
204,0.0,0.0,0.0,0.0,0.0,0.0,0.0,0.0,0.0,0.0,0.0,0.0,0.0,0.0,0.0001399365993173488,6,4
205,0.0,0.0,0.0,0.0,0.0,0.0,0.0,0.0,0.0027100271002710027,0.0,0.0,0.0,0.0,0.0,0.008039748767964603,6,4
206,0.0,0.0,0.0,0.0,0.0,0.002512562814070352,0.0,0.0,0.0,0.0,0.0,0.0,0.0,0.0,0.00815266403603719,6,4
207,0.0,0.0,0.0,0.0,0.0026954177897574125,0.0,0.0,0.0,0.0,0.0,0.0,0.0,0.0,0.0,0.006044949094309745,6,4
208,0.0,0.0,0.0,0.0,0.0,0.002512562814070352,0.0,0.0,0.0,0.0,0.0,0.0,0.0,0.0,0.017535347976754056,6,4
